1140,0,9
12,
13,
48,301
866,
867,
922,
924,
912,
914,
864,
862,
854,
860,
910,
50,
918,
769,
868,
869,
1147,
858,
329,265
49,303
69,333
564,930
552,1000
403,1338
407,1364
871,1450
872,1460
722,1820
456,-1,0,17
612,2100
737,2290
158,-1,0,22
187,3100
200,3130
198,3150
286,3440
545,4160
687,4250
698,4370
1113,,5303
1121,5320
1132,5320
670,5320
666,5370
668,5450
826,6000
782,6750
1155,-2
1124,-1,5,55
1124,-1,4,55
202,-1,0,24
682,-1,0,56
441,-1,0,15
444,-1,0,16
438,-1,0,26
223,-1,0,35
733,-1,0,27
369,-1,0,18
376,-1,0,19
279,16
